16.04.2023: 4 4 4 4 3
19.04.2023: 5 4 4 4 3
23.04.2023: 2 3 3 4 3
25.04.2023: 4 4 5 4 4
30.04.2023: 5 4 3 4 4
3.05.2023: 6 6 6 5 5
10.05.2023: 6 5 5 4 5
15.05.2023: 6 6 6 5 3
24.05.2023: 7 6 5 4 4
30.05.2023: 7 4 4 4 4
30.06.2023: 6 5 5 4 3
4.07.2023: 6 5 5 5 4
8.07.2023: 6 5 5 4 4
11.07.2023: 6 5 4 4 3
15.07.2023: 3 4 4 2 2
17.07.2023: 6 5 4 4 4
21.07.2023: 6 6 5 4 3
25.07.2023: 7 6 5 4 0
29.07.2023: 6 6 5 4 3
2.08.2023: 7 6 5 4 4
6.08.2023: 6 6 5 4 0
10.08.2023: 7 6 5 4 4
14.08.2023: 7 5 5 4 4
18.08.2023: 8 6 6 4 4
22.08.2023: 8 6 5 5 4
26.08.2023: 7 6 5 4 4
5.09.2023: 7 5 4 4 4
9.09.2023: 10 6 5 5 0
13.09.2023: 9 6 5 0 0
16.09.2023: 7 6 5 5 5
26.09.2023: 9 7 5 0 0
9.10.2023: 8 6 5 5 4
14.10.2023: 7 7 5 4 4
22.10.2023: 8 7 5 5 4
29.10.2023: 10 7 6 5 0
5.11.2023: 9 7 5 5 0
14.11.2023: 10 8 6 5 4
27.11.2023: 8 8 7 5 4
3.12.2023: 10 7 6 6 5
19.12.2023: 9 6 6 5 5
27.12.2023: 11 9 6 5 6
8.01.2024: 10 7 6 5 5
14.01.2024: 11 7 5 5 4