17.04.2023: 4 4 4 4 3
20.04.2023: 5 4 4 4 3
24.04.2023: 2 3 3 4 3
26.04.2023: 4 4 5 4 4
1.05.2023: 5 4 3 4 4
4.05.2023: 6 6 6 5 5
10.05.2023: 6 5 5 4 5
16.05.2023: 6 6 6 5 3
25.05.2023: 7 6 5 4 4
31.05.2023: 7 4 4 4 4
1.07.2023: 6 5 5 4 3
5.07.2023: 6 5 5 5 4
9.07.2023: 6 5 5 4 4
12.07.2023: 6 5 4 4 3
15.07.2023: 3 4 4 2 2
18.07.2023: 6 5 4 4 4
21.07.2023: 6 6 5 4 3
26.07.2023: 7 6 5 4 0
29.07.2023: 6 6 5 4 3
2.08.2023: 7 6 5 4 4
7.08.2023: 6 6 5 4 0
11.08.2023: 7 6 5 4 4
15.08.2023: 7 5 5 4 4
19.08.2023: 8 6 6 4 4
23.08.2023: 8 6 5 5 4
27.08.2023: 7 6 5 4 4
6.09.2023: 7 5 4 4 4
10.09.2023: 10 6 5 5 0
14.09.2023: 9 6 5 0 0
17.09.2023: 7 6 5 5 5
27.09.2023: 9 7 5 0 0
10.10.2023: 8 6 5 5 4
15.10.2023: 7 7 5 4 4
23.10.2023: 8 7 5 5 4
30.10.2023: 10 7 6 5 0
6.11.2023: 9 7 5 5 0
15.11.2023: 10 8 6 5 4
28.11.2023: 8 8 7 5 4
4.12.2023: 10 7 6 6 5
19.12.2023: 9 6 6 5 5
28.12.2023: 11 9 6 5 6
8.01.2024: 10 7 6 5 5
15.01.2024: 11 7 5 5 4
21.01.2024: 10 9 6 6 5
26.01.2024: 11 8 6 6 4
29.01.2024: 11 9 6 5 4
5.02.2024: 10 7 6 5 5
20.02.2024: 12 10 7 6 5
24.02.2024: 10 8 7 6 5
17.03.2024: 10 6 5 5 4
26.03.2024: 10 7 6 6 3
2.04.2024: 10 6 5 3 3
8.04.2024: 10 8 8 4 4
10.04.2024: 8 7 7 5 4
17.04.2024: 10 8 6 5 4
10.08.2024: 4 5 5 4 4
22.08.2024: 6 3 3 3 3
28.08.2024: 5 5 5 5 5
5.10.2024: 5 5 4 4 4
8.12.2024: 6 5 5 4 3
9.03.2025: 6 6 5 5 4
21.03.2025: 6 5 4 4 4
25.03.2025: 6 6 5 4 5
27.04.2025: 4 4 4 4 4